10 numbers in random order
    7    49    73    58    30    72    44    78    23    9

10 numbers in reverse order
	24    23    22    19    8    7    5    3     2    1


10 numbers in almost sorted order

	4    18    13    7    9    10    12    17    19    20

50 numbers in reverse

	194    193    187    179    179    169    167    165    160    157    157    149    145    144    136    135    133    130    129    127    123    112    109    109    103    103    99    97    92    91    85    78    78    73    72    72    67    58    49    42    40    40    33    28    26    21    16    12    10    7  


50 numbers in random order
	
	 7    49    73    58    30    72    44    78    23    9    40    65    92    42    87    3    27    29    40    12    3    69    9    57    60    33    99    78    16    35    97    26    12    67    10    33    79    49    79    21    67    72    93    36    85    45    28    91    94    57

50 numbers in almost sorted order
	3    3    7    9    9    10    12    12    16    21    23    26    27    28    29    30    33    33    35    36    40    40    42    44    45    49    49    57    57    58    60    65    67    67    69    72    72    73    78    78    79    79    85    87    91    92    93    94    97    99   

99 numbers in random order

45	1	66	40	27	27	68	89	27	63	51	59	37	74	12	39	20	27	12	93	31	52	84	21	78	55	72	75	81	39	30	90	10	10	17	67	90	46	40	91	30	70	10	72	86	45	99	48	4	54	96	100	50	1	93	96	50	47	60	33	40	59	15	12	30	53	56	29	50	42	22	72	34	38	73	76	90	5	21	93	35	35	20	89	91	20	5	82	38	60	91	89	21	83	86	38	30	74	29	


99 numbers in almost sorted order
	1     13   4    7    8    10    12    1    14    16    21    24    25    26    28    28    29    33    35    38    40    40    42    49    51    53    58    68    65    66    67    23    69    72    72    73    78    78    82    85    90    91    92    94    97    6    98    99    101    103    103    103    106    105    108    109    109    112    115    116    117    122    123    123    124    127    129    130    14    133    133    135    136    136    137    144    144    144    145    149    149    152    153    157    157    160    165    166    167    169    12    179    179    181    187    188    193    194    195         


99 numbers in reverse
	
	298    296    294    290    288    279    278    272    272    269    268    266    263    257    253    252    249    245    244    242    240    237    235    235    229    228    224    214    212    208    203    198    193    192    185    181    177    173    169    166    165    160    158    157    144    144    133    130    129    128    127    125    116    112    110    109    108    105    104    103    101    101    99    97    95    94    91    87    82    79    78    67    67    65    53    51    49    49    40    38    36    36    33    33    30    26    24    23    23    22    21    17    16    15    13    9    7    5    3